101111010000001111111110001100110111111100011101111101011111111101011101100000100011111011010101111111111101101101011000111111010100111010101010001011
010111110100111111111101111010111110111101000101100001010111001001000110110001101101111110110001111000101001111110110100101101011111000110111111111000
011101011110111101010101111000101010111110101110111110011011101011101010111100011011111010101010110011111100110110110111011111101011011101100011101100
001110010110111101110110110010111111010101011110111011011001110111010011111011111011100101101110101001111101111100011101000110110100001111011111111101
000000100110001111011001101100101101101000011111110101110111011010101111001010100011000010111101100010101000110110101011111010001111011111111101001111
110111010101111101011110110111100011000011111110101110001101001010110011101101100011100011111101111101010001111100011110101010101100111111101100011110
001111101111000111011101100000011011110111110001000101101110110111011000101010111100011011111111010001010001101100010100111010011101111001001111111111
011101111101001010000101011010111111101000010111100001111111110100110110010111111100101000101011001000010111010010110111000100101110111100101111100010
111011010101111001011010111111111110110101100001111110100001011111001110111111011000011111000110111010101111101100101001010110001111110001011110101100
010011110101011000101110100011110001011101011110010100100010101000010111101011011111110110111011101111010010111000111000101101100101011110101110101011
101100010011100000011111111101010111101010111101110011111111101101101110101111110110100010010111101110110000101101010001111000011111101010111101101101
011100011101111000110011110110100010000110000101010111101100111010001110011000111111010101110110110100110001111110110100011011011001101110110110101110
101101101001101110101011011011010010001111011010111011010100101010111101101011100110101111111110110001010111000000110110101100111010111011011111011111
01011110011110101001101010110110111011101000000001