10001111101101000111001011111010011010101000111110001010110110111000101101011111110011011000010110110110111010101110111100011111111111101101010101101111011100011011110111101111111101011001
01101110101001111111111101101001000111100101101111010111110110001110110111010111111111100000110100111101101011111111011101010010001111010111111011111110101011101011000111111110111101001011
10001000000100011101110001001101100001011111110101110001001111000101000011010111101010101111010101001101101011010101011111101011111111101000001011111010101110101011010011111101001010101010
11100010100101011010111111100101010100001100011111011000100011100011000110100110110101000101111110000110111101111011110111111000111101111011101111101011011110101011110110100011000100111111
01011011100110101010100101100001011110110110001010110001101111101011110100011111000111000101011111110001000110111101110001110111111010011101111111011001110111011111001010101011000110111000
01000110010111110110001100111100101111101011111100101111100111111011111110011100010100001011011110011010110111011010011000110001010111011111011101011010000101111011111100101011000111110011
01011111010011101110011011111010111111101010001000001111111110101110000111000110111111101010111110010111111010111010001011100101111110111111111111010001111111100011001111101010111111110111
00000111011001110011111111001011110100011011101110001111110110010010111111111011111101101010001011001110111011011111111000001011001101111110001111011101101011000100010010100010100011111100
01011111010001001111111111111011111010110101101111011000111111101110101110110101111110001010010001011000111000010011100111111010101001110010111101011001011111011010101111111111011010101100
01101011000100010110111111011011011011111110101110101110111101011100101111111110101100010001010110011100010111101110101011101101101111111011100110101010110110001011000111110101110111011010
001011101101010110001010101010101101111111110100101011110111011011100011011101110111010110110110101110001011011101010101100